mean-p=0.000000
mean-m=0.000000
mean-g=0.085000
std-p=0.000000
std-m=-0.000000
std-g=0.001000
