mean-p=0.000033
mean-m=0.001400
mean-g=0.084600
std-p=0.000180
std-m=0.000554
std-g=0.000800
