mean-p=0.001791
mean-m=0.056085
mean-g=3.460025
std-p=0.000140
std-m=0.000935
std-g=0.016791
